(Transform "BSplineTransform")
(NumberOfParameters 338)
(TransformParameters 0.117988 0.631432 0.882981 1.115201 1.208836 1.147178 0.937643 0.666280 0.395499 0.180479 0.052945 0.011508 0.002611 0.337954 2.144376 3.120479 3.975368 3.761702 2.700709 1.320210 0.497937 0.064927 -0.106327 -0.126867 -0.084125 0.006463 0.379970 2.605559 3.703197 4.435567 3.746895 2.145907 0.463843 -0.298309 -0.504518 -0.443032 -0.302786 -0.171933 0.005148 0.381706 2.837711 3.711349 4.023930 2.269378 0.916192 -0.841773 -1.372944 -1.134446 -0.805158 -0.520735 -0.298524 -0.001685 0.303455 2.323496 2.518099 0.036595 -3.614900 -3.731191 -3.791729 -1.628830 -1.267969 -1.062051 -0.721060 -0.437042 -0.020666 0.153730 1.439922 1.321670 -0.817920 -2.143808 -2.162742 -1.254025 -0.248630 -0.648828 -1.095966 -0.912557 -0.614381 -0.049207 -0.015378 0.622197 0.809360 0.628978 0.746622 1.928296 2.614620 2.269297 0.633660 -1.282151 -1.253696 -0.887934 -0.082538 -0.065737 0.379245 0.739996 1.162380 1.745602 3.637605 3.545757 3.564836 -0.234354 -2.773967 -2.143489 -1.370794 -0.115436 -0.060228 0.343997 0.720577 1.171631 1.414553 0.683664 -1.092736 -2.026982 -3.898917 -4.032249 -2.772725 -1.675106 -0.132573 -0.036583 0.310364 0.561144 0.716085 0.323862 -0.734273 -2.277663 -3.929821 -4.694958 -4.211756 -2.781109 -1.641007 -0.126013 -0.014988 0.204942 0.282662 0.152415 -0.389686 -1.309320 -2.390409 -3.278444 -3.564954 -3.124000 -2.101051 -1.255422 -0.093199 -0.006631 0.100526 0.093576 -0.106388 -0.564459 -1.216426 -1.890070 -2.321096 -2.366951 -2.019963 -1.371035 -0.830391 -0.060164 -0.001771 -0.026732 -0.055056 -0.113631 -0.194707 -0.285199 -0.356219 -0.365318 -0.323113 -0.247818 -0.158411 -0.093074 -0.005834 0.101578 0.260018 0.234804 0.062867 -0.331579 -0.701124 -0.848845 -0.727499 -0.497032 -0.271001 -0.107329 -0.041433 -0.004188 0.517358 1.979597 2.531768 2.845848 2.425317 0.914877 -1.066937 -1.390580 -1.003862 -0.471544 -0.107106 -0.004683 -0.017021 0.701722 2.876010 3.550507 3.741652 3.881625 2.131990 -0.911879 -1.444637 -1.069760 -0.503629 -0.120330 -0.016790 -0.027593 0.848792 3.632702 4.005133 2.258825 3.987305 3.853150 -2.016079 -1.700138 -1.275256 -0.738979 -0.344167 -0.185428 -0.049485 0.875191 3.590274 3.542855 -0.093066 -4.053259 -4.576998 -2.689747 -1.924905 -1.422831 -1.039458 -0.801459 -0.561592 -0.076679 0.791282 2.897260 2.743805 1.062558 -1.785636 -2.755547 -0.706221 -0.872072 -0.996013 -1.474258 -1.504167 -1.122447 -0.107221 0.613339 1.905118 2.042398 1.706462 1.482399 1.625338 3.223933 2.175486 -0.560983 -2.140661 -2.377686 -1.773014 -0.133827 0.395364 1.253041 1.335724 1.121025 1.442688 2.751590 4.659579 4.029302 0.334775 -3.189616 -3.269356 -2.362755 -0.143269 0.205195 0.796460 0.853033 0.594971 0.858872 1.707475 -3.287951 -3.914602 -2.228621 -4.075925 -3.736613 -2.596563 -0.140614 0.075200 0.475317 0.589294 0.488912 0.501812 -0.527547 -3.031834 -4.393533 -4.510270 -4.314444 -3.586054 -2.391082 -0.126048 0.006841 0.263363 0.397629 0.449481 0.357723 -0.214739 -1.346594 -2.644805 -3.432787 -3.474317 -2.749912 -1.781316 -0.095203 -0.009056 0.157457 0.260916 0.320647 0.190287 -0.152663 -0.748126 -1.691301 -2.346509 -2.425185 -1.874747 -1.197730 -0.063514 0.000095 0.030906 0.036313 0.006665 -0.063480 -0.182747 -0.323614 -0.406229 -0.424419 -0.380659 -0.280116 -0.174478 -0.007380)
(InitialTransformParametersFileName "exampleoutput/TransformParameters.0.txt")
(UseBinaryFormatForTransformationParameters "false")
(HowToCombineTransforms "Compose")

// Image specific
(FixedImageDimension 2)
(MovingImageDimension 2)
(FixedInternalImagePixelType "float")
(MovingInternalImagePixelType "float")
(Size 100 100)
(Index 0 0)
(Spacing 1.0000000000 1.0000000000)
(Origin 0.0000000000 0.0000000000)
(Direction 1.0000000000 0.0000000000 0.0000000000 1.0000000000)
(UseDirectionCosines "true")

// BSplineTransform specific
(GridSize 13 13)
(GridIndex 0 0)
(GridSpacing 21.4057604719 12.6725775804)
(GridOrigin -66.2336319320 -40.2287297272)
(GridDirection 1.0000000000 0.0000000000 0.0000000000 1.0000000000)
(BSplineTransformSplineOrder 3)
(UseCyclicTransform "false")

// ResampleInterpolator specific
(ResampleInterpolator "FinalBSplineInterpolator")
(FinalBSplineInterpolationOrder 3)

// Resampler specific
(Resampler "DefaultResampler")
(DefaultPixelValue 0.000000)
(ResultImageFormat "nii")
(ResultImagePixelType "float")
(CompressResultImage "false")
