point
51
-3.635099999999999909e+01 -3.697399999999999665e+01 -1.204500000000000000e+03
-6.503700000000000614e+01 2.176399999999999935e+01 -1.344500000000000000e+03
-9.372299999999999898e+01 -4.517000000000000171e+01 -1.279500000000000000e+03
-3.908299999999999841e+01 -9.434600000000000364e+01 -1.239500000000000000e+03
-7.323300000000000409e+01 -1.457999999999999963e+00 -1.194500000000000000e+03
-4.318099999999999739e+01 -1.511800000000000033e+01 -1.304500000000000000e+03
-3.498499999999999943e+01 -2.823999999999999844e+00 -1.189500000000000000e+03
-5.957300000000000040e+01 -6.019599999999999795e+01 -1.299500000000000000e+03
-6.230499999999999972e+01 -2.741199999999999903e+01 -1.189500000000000000e+03
-7.050100000000000477e+01 -1.785000000000000142e+01 -1.314500000000000000e+03
-7.186700000000000443e+01 -7.522199999999999420e+01 -1.219500000000000000e+03
-5.274300000000000210e+01 2.039799999999999969e+01 -1.254500000000000000e+03
-5.957300000000000040e+01 -9.199999999999999845e-02 -1.299500000000000000e+03
-4.591299999999999670e+01 -1.921600000000000108e+01 -1.224500000000000000e+03
-5.410900000000000176e+01 -3.834000000000000341e+01 -1.279500000000000000e+03
-7.323300000000000409e+01 -4.653600000000000136e+01 -1.274500000000000000e+03
-5.137700000000000244e+01 -5.336599999999999966e+01 -1.209500000000000000e+03
-8.825900000000000034e+01 -2.331400000000000006e+01 -1.234500000000000000e+03
-4.591299999999999670e+01 1.083600000000000030e+01 -1.344500000000000000e+03
-1.995899999999999963e+01 -1.648400000000000176e+01 -1.164500000000000000e+03
-2.815500000000000114e+01 -2.741199999999999903e+01 -1.329500000000000000e+03
-5.410900000000000176e+01 -3.287599999999999767e+01 -1.224500000000000000e+03
-5.820700000000000074e+01 -1.238599999999999923e+01 -1.224500000000000000e+03
-4.318099999999999739e+01 2.640000000000000124e+00 -1.229500000000000000e+03
-8.552700000000000102e+01 -2.877799999999999869e+01 -1.324500000000000000e+03
-7.596500000000000341e+01 -6.921999999999999709e+00 -1.239500000000000000e+03
-4.864500000000000313e+01 -5.063400000000000034e+01 -1.289500000000000000e+03
-6.230499999999999972e+01 -3.560799999999999699e+01 -1.329500000000000000e+03
-4.454699999999999704e+01 -8.288000000000000256e+00 -1.259500000000000000e+03
-4.727900000000000347e+01 -3.834000000000000341e+01 -1.174500000000000000e+03
-3.361899999999999977e+01 -2.058200000000000074e+01 -1.269500000000000000e+03
-3.771699999999999875e+01 -2.058200000000000074e+01 -1.184500000000000000e+03
-6.776900000000000546e+01 -1.648400000000000176e+01 -1.164500000000000000e+03
-4.454699999999999704e+01 -2.877799999999999869e+01 -1.314500000000000000e+03
-6.776900000000000546e+01 -8.068600000000000705e+01 -1.269500000000000000e+03
-5.957300000000000040e+01 -6.975799999999999557e+01 -1.239500000000000000e+03
-5.001100000000000279e+01 5.371999999999999886e+00 -1.159500000000000000e+03
-4.727900000000000347e+01 -9.653999999999999915e+00 -1.154500000000000000e+03
-7.323300000000000409e+01 -6.019599999999999795e+01 -1.299500000000000000e+03
-5.820700000000000074e+01 -3.287599999999999767e+01 -1.204500000000000000e+03
-5.957300000000000040e+01 -6.921999999999999709e+00 -1.289500000000000000e+03
-4.318099999999999739e+01 -2.331400000000000006e+01 -1.299500000000000000e+03
-4.044899999999999807e+01 -5.609799999999999898e+01 -1.199500000000000000e+03
-5.001100000000000279e+01 -2.741199999999999903e+01 -1.224500000000000000e+03
-5.684100000000000108e+01 -2.604599999999999937e+01 -1.229500000000000000e+03
-5.274300000000000210e+01 -2.058200000000000074e+01 -1.219500000000000000e+03
-5.274300000000000210e+01 1.274000000000000021e+00 -1.314500000000000000e+03
-3.635099999999999909e+01 -2.467999999999999972e+01 -1.299500000000000000e+03
-4.727900000000000347e+01 -9.653999999999999915e+00 -1.319500000000000000e+03
-6.367099999999999937e+01 -4.790200000000000102e+01 -1.279500000000000000e+03
-4.044899999999999807e+01 -3.287599999999999767e+01 -1.189500000000000000e+03
