point
51
-4.093999999999999773e+01 -4.702199999999999847e+01 -1.169500000000000000e+03
-6.689400000000000546e+01 1.649699999999999989e+01 -1.312000000000000000e+03
-9.899500000000000455e+01 -5.658400000000000318e+01 -1.249500000000000000e+03
-3.957399999999999807e+01 -1.037109999999999985e+02 -1.207000000000000000e+03
-8.123699999999999477e+01 -7.408000000000000362e+00 -1.159500000000000000e+03
-4.572099999999999653e+01 -2.653200000000000003e+01 -1.274500000000000000e+03
-4.025699999999999790e+01 -8.090999999999999304e+00 -1.152000000000000000e+03
-5.938100000000000023e+01 -7.365900000000000603e+01 -1.269500000000000000e+03
-6.894299999999999784e+01 -3.541100000000000136e+01 -1.154500000000000000e+03
-7.509000000000000341e+01 -2.858099999999999952e+01 -1.284500000000000000e+03
-7.645600000000000307e+01 -8.731900000000000261e+01 -1.184500000000000000e+03
-5.596600000000000108e+01 1.376500000000000057e+01 -1.222000000000000000e+03
-6.279599999999999937e+01 -1.150600000000000023e+01 -1.269500000000000000e+03
-5.050200000000000244e+01 -2.653200000000000003e+01 -1.189500000000000000e+03
-5.664900000000000091e+01 -5.180299999999999727e+01 -1.247000000000000000e+03
-7.645600000000000307e+01 -5.795000000000000284e+01 -1.244500000000000000e+03
-5.391700000000000159e+01 -6.341400000000000148e+01 -1.174500000000000000e+03
-9.353100000000000591e+01 -3.336200000000000188e+01 -1.202000000000000000e+03
-4.845300000000000296e+01 2.153999999999999915e+00 -1.312000000000000000e+03
-2.659700000000000131e+01 -2.175100000000000122e+01 -1.124500000000000000e+03
-3.206099999999999994e+01 -4.019200000000000017e+01 -1.282000000000000000e+03
-5.869800000000000040e+01 -4.087500000000000000e+01 -1.192000000000000000e+03
-6.347899999999999920e+01 -2.106800000000000139e+01 -1.192000000000000000e+03
-4.777000000000000313e+01 -3.992999999999999883e+00 -1.197000000000000000e+03
-9.148199999999999932e+01 -4.019200000000000017e+01 -1.294500000000000000e+03
-8.192000000000000171e+01 -1.560399999999999920e+01 -1.207000000000000000e+03
-4.708700000000000330e+01 -6.068200000000000216e+01 -1.254500000000000000e+03
-6.621099999999999852e+01 -4.702199999999999847e+01 -1.297000000000000000e+03
-4.777000000000000313e+01 -1.901899999999999835e+01 -1.227000000000000000e+03
-5.323400000000000176e+01 -4.633899999999999864e+01 -1.137000000000000000e+03
-3.547599999999999909e+01 -3.609400000000000119e+01 -1.239500000000000000e+03
-4.367199999999999704e+01 -2.721499999999999986e+01 -1.147000000000000000e+03
-7.645600000000000307e+01 -2.175100000000000122e+01 -1.127000000000000000e+03
-4.708700000000000330e+01 -4.087500000000000000e+01 -1.282000000000000000e+03
-6.826000000000000512e+01 -9.073399999999999466e+01 -1.239500000000000000e+03
-6.006400000000000006e+01 -7.980599999999999739e+01 -1.207000000000000000e+03
-5.801500000000000057e+01 2.153999999999999915e+00 -1.122000000000000000e+03
-5.528300000000000125e+01 -1.423799999999999955e+01 -1.117000000000000000e+03
-7.440699999999999648e+01 -7.297599999999999909e+01 -1.269500000000000000e+03
-6.416200000000000614e+01 -4.155799999999999983e+01 -1.169500000000000000e+03
-6.211299999999999955e+01 -1.765299999999999869e+01 -1.259500000000000000e+03
-4.503799999999999670e+01 -3.609400000000000119e+01 -1.267000000000000000e+03
-4.298899999999999721e+01 -6.546299999999999386e+01 -1.162000000000000000e+03
-5.528300000000000125e+01 -3.609400000000000119e+01 -1.189500000000000000e+03
-6.142999999999999972e+01 -3.609400000000000119e+01 -1.197000000000000000e+03
-5.733200000000000074e+01 -2.994699999999999918e+01 -1.187000000000000000e+03
-5.528300000000000125e+01 -8.773999999999999133e+00 -1.284500000000000000e+03
-3.752499999999999858e+01 -3.882600000000000051e+01 -1.267000000000000000e+03
-4.981900000000000261e+01 -1.901899999999999835e+01 -1.287000000000000000e+03
-6.552800000000000580e+01 -5.931600000000000250e+01 -1.249500000000000000e+03
-4.572099999999999653e+01 -4.087500000000000000e+01 -1.152000000000000000e+03
